-1001118023420
-1001030596798
-1001883954133
-1001659337615
-1001302385641
-1001724786159
-1001680122869
-1001181721033
-1001694345816
-1001173768478
-1001061658070
-1001613517207
-1001209661088
-1001306850158
-1001401860030
-1001605721602
-1001269488274
-1001579154201
-1001759640913
-1001657794461
-1001621548462
-1001670521408
-1001651978555
-1001318424031
-1001350014427
-1001667671470
-1001164459808
-1001764924474
-1001705335637
-1001218320599
-1001287811342
-1001403340666
-1001081523257
-1001546035074
-1001216256821
-1001540104902
-1001152912389
-1001168269692
-1001403972237
-1001784377587
-1001188560516
-1001275595955
-1001526819823
-1001684685979
-1001659199482
-1001366040784
-1001518661663
-1001623434313
-1001573891556
-1001696731633
-1001683722893
-1001791169211
-1001567805441
-1001225781170
-1001366907252
-1001787952089
-1001897240193
-1001746105992
-1001455929309
-1001251086151
-1001831922022
-1001278529275
-1001556191426
-1001721428424
-1001283933519
-1001424933818
-1001696636815
-1001119767177
-1001487036275
-1001500557401
-1001487036275
-1001444915839
-1001736684038
-1001487036275
-1001444915839
-1001736684038
-1001862648897
-1001836873009
-1001500557401
-1001175253994
-1001500557401
-1001500557401
-1001242772590
-1001676837459
-1001456423498
-1001624552633
-1001754395658
-1001227574461
-1001541951045
-1001847877486
-1001604467441
-1001604467441
-1001670541412
-1001521688266
-1001278574812
-1001489556137
-1001403559517
-1001607760114
-1001403559517
-1001607760114
-1001403559517
-1001403559517
-1001403559517
-1001802345600
-1001530040056
-1001430405476
-1001614422617
-1001757151863
-1001757151863
-1001761054368
-1001701977212
-1001386636585
-1001573283052
-1001333369953
-1001484633275
-1001126754308
-1001740854272
-1001125334724
-1001210240041
-1001852821536
-1001199573177
-1001484633275
-1001096735544
-1001631444567
-1001662032376
-1001467833966
-1001631444567
-1001631444567
-1001662032376
-1001576491950
-1001467833966
-1001589474448
-1001634207262
-1001385895844
-1001882761532
-1001586276225
-1001586276225
-1001641315962
-1001586276225
-1001634809938
-1001656051630
-1001656051630
-1001004937544
-1001249113155
-1001506008924
-1001365730886
-1001422260559
-1001249113155
-1001321480094
-1001429264495
-1001405886609
-1001671835527
-1001067312554
-1001306299288
-1001711808736
-1001053747074
-1001327945144
-1001311536162
-1001387922513
-1001595752791
-1001233387005
-1001232365167
-1001641315962
-1001157639351
-1001134030446
-1001754850784
-1001214852652
-1001214852652
-1001004937544
-1001506008924
-1001422260559
-1001157639351
-1001249113155
-1001321480094
-1001460955452
-1001907364813
-1001737727114
-1001820386288
-1001625265741
-1001740850935
-1001221569352
-1001734851649
-1001563033277
-1001327945144
-1001595752791
-1001671235488
-1001731963058
-1001273096527
-1001676910563
-1001676910563
-1001306778309
-1001457538329
-1001412910401
-1001986800686
-1001320346981
-1001617660839
-1001743649769
-1001284662995
-1001270024596
-1001589783074
-1001663952203
-1001753193127
-1001306778309
-1001284662995
-1001457538329
-1001753193127
-1001531274196
-1001285062088
-1001403879566
-1001411065681
-1001788931785
-1001788931785
-1001100343131
-1001870818755
-1001666425490
-1001768863116
-1001789407410
-1001624999564
-1001257161677
-1001692753500
-1001306778309
-1001788931785
-1001236126412
-1001570851791
-1001457538329
-1001579869718
-1001598001398
-1001738206961
-1001789407410
-1001624999564
-1001834639545
-1001550805053
-1001251577978
-1001558116904
-1001115012123
-1001350937731
-1001834639545
-1001415750112
-1001265160521
-1001102854753
-1001531274196
-1001249941889
-1001393853735
-1001482521016
-1001403879566
-1001332058317
-1001788931785
-1001780053658
-1001432667045
-1001390474915
-1001392762263
-1001543927244
-1001509615941
-1001697497435
-1001742099450
-1001633964269
-1001761131105
-1001685613710
-1001936539404
-1001582842472
-1001182458052
-1001025405202
-1001135872665
-1001914418894
-1001701108524
-1001638607991
-1001065542647
-1001216261980
-1001464651981
-1001626193014
-1001876635507
-1001112171439
-1001768043316
-1001090605097
-1001498560945
-1001925473799
-1001547457303
-1001772993345
-1001361487592
-1001786709111
-1001549050874
-1001508649222
-1001280219800
-1001549050874
-1001508649222
-1001660630807
-1001656867262
-1001100878890
-1001187756427
-1001508649222
-1001707612547
-1001677295525
-1001660630807
-1001713576429
-1001187756427
-1001707612547
-1001611304542
-1001973459724
-1001677295525
-1001802022074
-1001786816632
-1001963943897
-1001786816632
-1001157496900
-1001215908129
-1001381115718
-1001645967574
-1001364201685
-1001645967574
-1001559426848
-1001215908129
-1001754248322
-1001963943897
-1001163588642
-1001215908129
-1001381115718
-1001645967574
-1001557321384
-1001364201685
-1001735340209
-1001947337367
-1001431892488
-1001721832463
-1001259264739
-1001552041139
-1001767369236
-1001875967976
-1001528184794
-1001683110268
-1001772029960
-1001100942646
-1001419640798
-1001683110268
-1001627365373
-1001266035587
-1001190085515
-1001528184794
-1001830771193
-1001061309482
-1001627365373
-1001683110268
-1001649584766
-1001772029960
-1001430248356
-1001683110268
-1001266035587
-1001850085003
-1001100942646
-1001737807685
-1001772029960
-1001419640798
-1001675519065
-1001683110268
-1001199070489
-1001100942646
-1001430248356
-1001592852554
-1001772029960
-1001389109364
-1001683110268
-1001261203634
-1001100942646
-1001683110268
-1001683110268
-1001627365373
-1001627365373
-1001627365373
-1001772029960
-1001190085515
-1001403188254
-1001100942646
-1001403188254
-1001627365373
-1001403188254
-1001627365373
-1001063364138
-1001403188254
-1001756228610
-1001753989654
-1001729981713
-1001168264411
-1001063364138
-1001700978238
-1001176052974
-1001756228610
-1001753989654
-1001729981713
-1001756228610
-1001756228610
-1001753989654
-1001753989654
-1001729981713
-1001729981713
-1001637474252
-1001371761925
-1001740055691
-1001513270707
-1001817660099
-1001168264411
-1001700978238
-1001293819753
-1001176052974
-1001756228610
-1001637474252
-1001371761925
-1001753989654
-1001756228610
-1001729981713
-1001753989654
-1001513270707
-1001729981713
-1001168264411
-1001293819753
-1001168264411
-1001700978238
-1001176052974
-1001700978238
-1001176052974
-1001301761769
-1001786728687
-1001637474252
-1001371761925
-1001513270707
-1001293819753
-1001413289684
-1001658548446
-1001797757298
-1001447141803
-1001415022998
-1001067224900
-1001835811026
-1001634459036
-1001557054242
-1001332196903
-1001670546237
-1001413289684
-1001658548446
-1001660589526
-1001797757298
-1001447141803
-1001987223902
-1001234458994
-1001232909315
-1001761074937
-1001275146176
-1001151111324
-1001232909315
-1001018097272
-1001224788926
-1001308186687
-1001687154526
-1001224788926
-1001744241917
-1001687154526
-1001468430296
-1001412912537
-1001477317326
-1001365127601
-1001504414547
-1001412912537
-1001367556886
-1001236892623
-1001490451501
-1001774341672
-1001395446710
-1001419170607
-1001729981713
-1001827236082
-1001542547431
-1001451581039
-1001866256054
-1001100190244
-1001735797613
-1001542547431
-1001154320050
-1001866256054
-1001411050008
-1001631753472
-1001324267133
-1001100190244
-1001735797613
-1001543511126
-1001411050008
-1001228369538
-1001411050008
-1001543511126
-1001324267133
-1001710022923
-1001702872079
-1001411050008
-1001317177113
-1001702872079
-1001360421988
-1001619904689
-1001187028381
-1001543511126
-1001702872079
-1001153543555
-1001187028381
-1001205080484
-1001410021144
-1001364749984
-1001639911781
-1001672498581
-1001153543555
-1001187028381
-1001410021144
-1001688214579
-1001659176663
-1001718867063
-1001280719176
-1001205080484
-1001670614995
-1001639911781
-1001280719176
-1001426113266
-1001426113266
-1001699999735
-1001699999735
-1001598267504
-1001517546216
-1001122307803
-1001280719176
-1001483480355
-1001281296648
-1001757667695
-1001509523820
-1001825029671
-1001822925421
-1001773950986
-1001182343554
-1001304170082
-1001762704410
-1001237572160
-1001854415643
-1001194432640
-1001472687745
-1001676633799
-1001797535158
-1001506856767
-1001263195304
-1001915827052
-1001516485735
-1001782755429
-1001915827052
-1001516485735
-1001472687745
-1001663807630
-1001944857570
-1001355147021
-1001663807630
-1001293347875
-1001855349229
-1001355147021
-1001426113266
-1001293347875
-1001426113266
-1001167321673
-1001335396642
-1001855349229
-1001529366310
-1001170879612
-1001483480355
-1001289882747
-1001734112965
-1001756237902
-1001744620161
-1001170879612
-1001744787615
-1001854415643
-1001483480355
-1001654864764
-1001289882747
-1001359663634
-1001274561230
-1001854415643
-1001310275900
-1001951194786
-1001714636499
-1001631746409
-1001604749320
-1001881640325
-1001755827365
-1001674472351
-1001703559656
-1001421546270
-1001721869207
-1001703357162
-1001168483070
-1001364106655
-1001431956029
-1001506856767
-1001263195304
-1001199493204
-1001314356424
-1001915827052
-1001587653976
-1001516485735
-1001133405225
-1001653359499
-1001265276265
-1001915827052
-1001516485735
-1001587653976
-1001133405225
-1001653359499
-1001265276265
-1001855349229
-1001375918153
-1001167321673
-1001335396642
-1001921684092
-1001703853038
-1001662665314
-1001553187778
-1001855349229
-1001696488413
-1001375918153
-1001167321673
-1001335396642
-1001475897142
-1001553187778
-1001791939484
-1001391323211
-1001734112965
-1001744787615
-1001654864764
-1001756237902
-1001586063989
-1001486596390
-1001370731134
-1001935609653
-1001226338814
-1001458858783
-1001705242574
-1001323076504
-1001243252775
-1001809025172
-1001328960984
-1001779322953
-1001583038536
-1001760112568
-1001796772236
-1001755713299
-1001409380176
-1001328960984
-1001779322953
-1001760112568
-1001755713299
-1001832188052
-1001895961911
-1001726187718
-1001585717001
-1001685321920
-1001173758437
-1001302019984
-1001409380176
-1001543000388
-1001895961911
-1001543000388
-1001726187718
-1001202712347
-1001715921605
-1001453399999
-1001858991508
-1001785328407
-1001553549649
-1001449203159
-1001585717001
-1001685321920
-1001173758437
-1001616316210
-1001220474616
-1001588908120
-1001453685241
-1001414650622
-1001414650622
-1001300041754
-1001053184317
-1001300041754
-1001858661727
-1001854601004
-1001276387970
-1001521831048
-1001139727318
-1001300041754
-1001129746839
-1001667263010
-1001856393474
-1001223361921
-1001457092189
-1001850052459
-1001598402034
-1001430661882
-1001129746839
-1001667263010
-1001053184317
-1001854601004
-1001521831048
-1001151247606
-1001511714408
-1001545997480
-1001605115744
-1001532943639
-1001129746839
-1001448730646
-1001487221897
-1001302062604
-1001856393474
-1001475186466
-1001414821626
-1001934330577
-1001486589719
-1001277916143
-1001511714408
-1001350242472
-1001545997480
-1001605115744
-1001532943639
-1001412319658
-1001934330577
-1001726640246
-1001487321889
-1001181254529
-1001761819342
-1001225597716
-1001620059695
-1001196355498
-1001617158266
-1001158588322
-1001225597716
-1001169985261
-1001487321889
-1001256607227
-1001256607227
-1001624863876
-1001588421197
-1001373824538
-1001755532509
-1001774315688
-1001106398563
-1001102900186
-1001408861515
-1001298873172
-1001528233304
-1001783946853
-1001798358950
-1001482110868
-1001495077262
-1001528233304
-1001554532324
-1001319044371
-1001871499127
-1001513393637
-1001225597716
-1001421318045
-1001617903852
-1001005841565
-1001253740790
-1001130507554
-1001335574131
-1001365243364
-1001731656313
-1001225597716
-1001592510091
-1001644868230
-1001434762345
-1001608152241
-1001123744020
-1001755004823
-1001120986180
-1001256607227
-1001784599646
-1001611571135
-1001624863876
-1001256607227
-1001315664889
-1001588421197
-1001755532509
-1001623582103
-1001282061724
-1001614328235
-1001601658437
-1001691801417
-1001176258959
-1001617539309
-1001535425845
-1001427425695
-1001602735164
-1001668670785
-1001919159175
-1001753938186
-1001585297368
-1001322676991
-1001528233304
-1001783946853
-1001825226185
-1001569460075
-1001534682459
-1001338912457
-1001700616025
-1001539323579
-1001212911644
-1001585297368
-1001768049280
-1001623582103
-1001282061724
-1001467083812
-1001379440637
-1001194226983
-1001660433906
-1001698543489
-1001875109802
-1001661599322
-1001382077716
-1001651757917
-1001488309068
-1001512133501
-1001382077716
-1001583082785
-1001863681704
-1001750288900
-1001356697000
-1001664787679
-1001673686294
-1001173062827
-1001512133501
-1001785193368
-1001768049280
-1001792527167
-1001798795125
-1001750288900
-1001790675579
-1001661599322
-1001684009448
-1001279846204
-1001785193368
-1001334924885
-1001792527167
-1001798795125
-1001809206932
-1001790675579
-1001387042585
-1001692969543
-1001780314153
-1001684009448
-1001661599322
-1001223184188
-1001382077716
-1001384252070
-1001790675579
-1001651757917
-1001788752331
-1001488309068
-1001684566597
-1001684009448
-1001684566597
-1001279846204
-1001334924885
-1001534996335
-1001338903045
-1001389035181
-1001191386240
-1001419393426
-1001222640583
-1001383295201
-1001959636006
-1001515031752
-1001015950730
-1001780143574
-1001722492768
-1001712265337
-1001840097158
-1001419393426
-1001983614161
-1001169413428
-1001330521433
-1001748603142
-1001484766987
-1001164693071
-1001823358866
-1001125362618
-1001015950730
-1001894764348
-1001358606666
-1001125362618
-1001176787359
-1001823358866
-1001287805478
-1001164693071
-1001221656051
-1001880397939
-1001287805478
-1001451399645
-1001662531888
-1001146398925
-1001722693666
-1001264522075
-1001235717650
-1001327668076
-1001928982184
-1001439407982
-1001358606666
-1001894795912
-1001742265507
-1001590328296
-1001749379823
-1001357820024
-1001685462957
-1001722174978
-1001812885783
-1001253261289
-1001535397169
-1001713889167
-1001358606666
-1001605319524
-1001342406421
-1001617685512
-1001674535056
-1001638557014
-1001735108780
-1001669298147
-1001350032593
-1001987065492
-1001120613239
-1001118390987
-1001118039643
-1001785415805
-1001295309407
-1001212051556
-1001286791104
-1001584872162
-1001327790106
-1001128663972
-1001222880801
-1001569705757
-1001787211113
-1001037821029
-1001266182878
-1001194409606
-1001785415805
-1001194409606
-1001295309407
-1001785415805
-1001212051556
-1001295309407
-1001212051556
-1001584872162
-1001327790106
-1001128663972
-1001887746474
-1001222880801
-1001439293435
-1001290170002
-1001735108780
-1001227186930
-1001266182878
-1001584872162
-1001288508749
-1001128663972
-1001288508749
-1001288508749
-1001415897681
-1001533821446
-1001663195245
-1001315247060
-1001907007579
-1001332188192
-1001572185935
-1001869393934
-1001379585995
-1001444287735
-1001444287735
-1001118801131
-1001532955100
-1001825794373
-1001746766524
-1001397444584
-1001746766524
-1001518009694
-1001344180227
-1001318359138
-1001331077532
-1001746766524
-1001596857117
-1001389871615
-1001740455907
-1001608388188
-1001130190503
-1001528530540
-1001712291543
-1001746766524
-1001659120237
-1001608388188
-1001130190503
-1001712291543
-1001268393100
-1001608388188
-1001248567506
-1001428942546
-1001130190503
-1001712291543
-1001608388188
-1001130190503
-1001712291543
-1001248567506
-1001263445050
-1001780429987
-1001608388188
-1001615220098
-1001761125371
-1001735032813
-1001472264737
-1001868003918
-1001569295092
-1001611024024
-1001322922419
-1001901078306
-1001742080494
-1001727110406
-1001984149769
-1001158789372
-1001779640060
-1001143036900
-1001508594490
-1001358284431
-1001643396436
-1001358284431
-1001157494576
-1001828734026
-1001878052704
-1001782921270
-1001837577541
-1001946326414
-1001091352169
-1001483749440
-1001208922579
-1001208184034
-1001707540929
-1001082707216
-1001318824712
-1001529635827
-1001467164103
-1001411076283
-1001549926296
-1001549926296
-1001416364136
-1001268469767
-1001410058303
-1001532880647
-1001583510497
-1001950530936
-1001782921270
-1001626161642
-1001593734926
-1001217440913
-1001494111019
-1001950530936
-1001708006061
-1001779297911
-1001268469767
-1001244887313
-1001583510497
-1001382288937
-1001377112331
-1001126748023
-1001424146505
-1001209381173
-1001865676291
-1001165963690
-1001296861427
-1001165963690
-1001647227001
-1001649394799
-1001731554014
-1001300028416
-1001899318769
-1001078371712
-1001627241155
-1001107031750
-1001531191083
-1001449578989
-1001698508083
-1001068037206
-1001627241155
-1001107031750
-1001531191083
-1001449578989
-1001494128911
-1001662465672
-1001158711077
-1001557233353
-1001286457539
-1001239501442
-1001411442695
-1001738568149
-1001214399562
-1001553976339
-1001635004998
-1001336571772
-1001604062431
-1001305089801
-1001892672098
-1001647918730
-1001554100937
-1001799877747
-1001336386126
-1001243029133
-1001625188795
-1001558011435
-1001772801378
-1001362322028
-1001362322028
-1001336386126
-1001243029133
-1001571904142
-1001231126960
-1001667802357
-1001119329906
-1001571178414
-1001119329906
-1001571178414
-1001236419050
-1001126034799
-1001258522660
-1001516055205
-1001751793918
-1001880023964
-1001751793918
-1001319464802
-1001156505670
-1001713920630
-1001319464802
-1001215652972
-1001126180809
-1001215652972
-1001126180809
-1001335829370
-1001259831127
-1001134554551
-1001205904441
-1001482251554
-1001396373863
-1001134554551
-1001259831127
-1001249027241
-1001883624831
-1001940795884
-1001797876104
-1001858278742
-1001403123911
-1001341182581
-1001462676393
-1001403980055
-1001650144854
-1001859951367
-1001621936898
-1001765945885
-1001621936898
-1001765945885
-1001520053853
-1001530864555
-1001520053853
-1001545980931
-1001887095347
-1001441411960
-1001723534933
-1001887095347
-1001441411960
-1001723534933
-1001424552261
-1001321629222
-1001545980931
-1001145986770
-1001424552261
-1001545980931
-1001734934878
-1001630799772
-1001226123157
-1001167570180
-1001255926411
-1001110905904
-1001244046120
-1001554475960
-1001912907633
-1001630799772
-1001712708281
-1001517593081
-1001455211261
-1001889756958
-1001731693406
-1001242365520
-1001088789663
-1001433450183
-1001596696491
-1001467694277
-1001912907633
-1001691451509
-1001679125944
-1001764737495
-1001557092132
-1001462686992
-1001372899861
-1001629892451
-1001723861716
-1001677319672
-1001893588844
-1001808211352
-1001090907673
-1001169526999
-1001121232878
-1001677959106
-1001764143120
-1001229515235
-1001850269930
-1001307292636
-1001849466516
-1001612889717
-1001917570456
-1001448490604
-1001308643828
-1001677959106
-1001387504243
-1001171097347
-1001067702036
-1001819255061
-1001319136879
-1001769081335
-1001469818609
-1001250308809
-1001529974384
-1001419687164
-1001181497906
-1001169526999
-1001090907673
-1001090907673
-1001654972056
-1001121232878
-1001405445542
-1001307292636
-1001513336104
-1001210150953
-1001491513030
-1001648008402
-1001706790070
-1001170851938
-1001612889717
-1001448490604
-1001581241499
-1001455201675
-1001645859185
-1001769081335
-1001469818609
-1001250308809
-1001884302522
-1001346741997
-1001302214029
-1001759779124
-1001090907673
-1001121232878
-1001491513030
-1001706790070
-1001667026088
-1001758987734
-1001489163108
-1001645859185
-1001688718967
-1001727760942
-1001075617069
-1001269768079
-1001647038323
-1001667926839
-1001269768079
-1001723681178
-1001542428780
-1001463808606
-1001158107423
-1001158107423
-1001600519146
-1001227301187
-1001636402969
-1001334820179
-1001378996395
-1001403923761
-1001701295228
-1001929206851
-1001334820179
-1001378996395
-1001403923761
-1001701295228
-1001547436802
-1001653030718
-1001175945471
-1001115482487
-1001495974354
-1001809778769
-1001473565647
-1001227301187
-1001329935363
-1001424367444
-1001489598013
-1001473565647
-1001619944851
-1001616687154
-1001931182206
-1001380494498
-1001760105008
-1001749453979
-1001610554643
-1001124296400
-1001200906135
-1001450524218
-1001503829858
-1001435992726
-1001634311336
-1001848392063
-1001124296400
-1001243702191
-1001698057044
-1001610554643
-1001198020645
-1001450524218
-1001315714187
-1001402046143
-1001503829858
-1001718942506
-1001485113881
-1001091730051
-1001786005753
-1001569721491
-1001589039163
-1001738586559
-1001676504977
-1001698057044
-1001786005753
-1001091730051
-1001988569685
-1001165697434
-1001148189045
-1001633770045
-1001569721491
-1001289813598
-1001144602210
-1001599346030
-1001255690520
-1001148189045
-1001144602210
-1001312474262
-1001559303058
-1001786967414
-1001786005753
-1001837540440
-1001285784938
-1001629892655
-1001708524503
-1001859949935
-1001881517804
-1001595686811
-1001688864881
-1001708524503
-1001316011736
-1001874173800
-1001859949935
-1001793767060
-1001907491690
-1001195192662
-1001875973252
-1001740669115
-1001952462292
-1001566263964
-1001525687554
-1001793767060
-1001267998762
-1001446692878
-1001703473668
-1001907891177
-1001740579316
-1001499436930
-1001439839147
-1001933277347
-1001371245371
-1001073117412
-1001907891177
-1001253406503
-1001740579316
-1001499436930
-1001255064521
-1001631953894
-1001647370316
-1001790349923
-1001298845990
-1001642521872
-1001602764362
-1001298845990
-1001298845990
-1001675092354
-1001675092354
-1001630502190
-1001812440015
-1001675092354
-1001602764362
-1001675092354
-1001812440015
-1001630502190
-1001508969668
-1001618418549
-1001894207661
-1001894207661
-1001972754659
-1001306163091
-1001489236714
-1001299038908
-1001894207661
-1001972754659
-1001972754659
-1001299038908
-1001299038908
-1001972754659
-1001742770289
-1001638768407
-1001235831425
-1001533196998
-1001802568933
-1001319420551
-1001319420551
-1001492139295
-1001650108216
-1001690547292
-1001382829117
-1001509963071
-1001733956676
-1001836877915
-1001836877915
-1001509963071
-1001164283422
-1001679346250
-1001258910676
-1001552454630
-1001227324059
-1001713856487
-1001207923293
-1001987192733
-1001412499939
-1001611160364
-1001689931655
-1001149007029
-1001822758461
-1001707255881
-1001804832506
-1001729702729
-1001845060814
-1001153060658
-1001581230011
-1001910590112
-1001707255881
-1001472636436
-1001142333765
-1001297373110
-1001283524369
-1001162782373
-1001561599698
-1001706513239
-1001221543550
-1001371736229
-1001395951368
-1001464666115
-1001255983907
-1001165117763
-1001350080853
-1001508452207
-1001581747358
-1001777942852
-1001612044732
-1001706513239
-1001958014294
-1001221543550
-1001135432723
-1001350080853
-1001508452207
-1001581747358
-1001612044732
-1001777942852
-1001182552036
-1001767183018
-1001506284494
-1001135432723
-1001742601981
-1001656771367
-1001728426801
-1001690472064
-1001182552036
-1001433761505
-1001165551331
-1001198464394
-1001153860544
-1001559243849
-1001619267884
-1001504558964
-1001615717675
-1001270144589
-1001266697156
-1001715897351
-1001195798670
-1001396864349
-1001314785419
-1001238172624
-1001205965709
-1001225922960
-1001050799702
-1001248242471
-1001381475322
-1001149132095
-1001154462069
-1001756818058
-1001504558964
-1001699538023
-1001297984105
-1001319314895
-1001733157228
-1001068050608
-1001561599698
-1001603536184
-1001521901646
-1001058237943
-1001752674870
-1001912480755
-1001603536184
-1001058237943
-1001587250035
-1001752674870
-1001756818058
-1001142333765
-1001248242471
-1001198464394
-1001453970964
-1001903481605
-1001867932573
-1001571264183
-1001102713190
-1001135432723
-1001668009571
-1001607330428
-1001594334870
-1001805061748
-1001294578338
-1001214169031
-1001322785992
-1001286314263
-1001464431288
-1001603536184
-1001058237943
-1001587250035
-1001752674870
-1001547554622
-1001356783316
-1001356783316
-1001718586813
-1001716199664
-1001571264183
-1001644818949
-1001904262514
-1001142078946
-1001607330428
-1001217179027
-1001258993366
-1001919457937
-1001607330428
-1001594334870
-1001805061748
-1001294578338
-1001951666084
-1001153311313
-1001176059050
-1001119770444
-1001392952088
-1001153311313
-1001951666084
-1001597509095
-1001701293332
-1001460789992
-1001212489675
-1001153311313
-1001575112662
-1001597509095
-1001701293332
-1001460789992
-1001176059050
-1001119770444
-1001212489675
-1001447703523
-1001575112662
-1001713104291
-1001176059050
-1001119770444
-1001718586813
-1001447703523
-1001713104291
-1001625453361
-1001655364025
-1001118654260
-1001525449620
-1001740155626
-1001833296056
-1001687936371
-1001718433511
-1001625453361
-1001644818949
-1001147132859
-1001717396076
-1001147132859
-1001392952088
-1001142537419
-1001354907154
-1001693823700
-1001585113766
-1001153311313
-1001841069012
-1001176059050
-1001119770444
-1001392952088
-1001597509095
-1001212489675
-1001466979697
-1001575112662
-1001262513658
-1001390853026
-1001619752353
-1001941736892
-1001896746081
-1001262513658
-1001153311313
-1001390853026
-1001133757871
-1001071245934
-1001619752353
-1001472551557
-1001668312161
-1001752653813
-1001941736892
-1001896746081
-1001014290483
-1001619752353
-1001118654260
-1001941736892
-1001896746081
-1001017270435
-1001014290483
-1001365868052
-1001490293257
-1001500374613
-1001277414890
-1001861906995
-1001610900597
-1001668312161
-1001743160949
-1001780781301
-1001784627044
-1001259482407
-1001820866454
-1001259482407
-1001577589394
-1001212847610
-1001130204007
-1001195001858
-1001367432413
-1001889288295
-1001743741961
-1001630251696
-1001130204007
-1001577589394
-1001577589394
-1001393295888
-1001837101003
-1001779877679
-1001460546030
-1001630251696
-1001422290098
-1001148349132
-1001535517029
-1001370666679
-1001195101749
-1001360480756
-1001498311237
-1001452103533
-1001092417615
-1001198502516
-1001380393138
-1001961289690
-1001251420438
-1001542897889
-1001163798686
-1001475774977
-1001475774977
-1001176615363
-1001665184733
-1001482912299
-1001181439832
-1001181439832
-1001175482027
-1001175482027
-1001769054984
-1001265419140
-1001595039391
-1001536135151
-1001592206355
-1001907601050
-1001265419140
-1001689785229
-1001691248486
-1001634323433
-1001175482027
-1001634323433
-1001747394839
-1001634323433
-1001237954466
-1001735836642
-1001711180741
-1001522147857
-1001522147857
-1001522147857
-1001270590912
-1001921263748
-1001390560090
-1001129355412
-1001627561791
-1001731935440
-1001297169818
-1001762377888
-1001772683918
-1001656898110
-1001286547241
-1001511523114
-1001173675927
-1001194603914
-1001667185391
-1001782947570
-1001124124776
-1001449725420
-1001641225101
-1001782947570
-1001124124776
-1001449725420
-1001507408328
-1001108946759
-1001634923210
-1001287906490
-1001650543592
-1001113454284
-1001418904052
-1001866443149
-1001855628299
-1001199235949
-1001683130089
-1001689061048
-1001445790277
-1001450995629
-1001222017246
-1001661622989
-1001325521241
-1001868380036
-1001920014196
-1001581832768
-1001646527840
-1001621255485
-1001683130089
-1001195101749
-1001360480756
-1001498311237
-1001452103533
-1001092417615
-1001198502516
-1001961289690
-1001380393138
-1001251420438
-1001542897889
-1001475774977
-1001176615363
-1001475774977
-1001665184733
-1001482912299
-1001181439832
-1001181439832
-1001175482027
-1001175482027
-1001769054984
-1001395211648
-1001377790909
-1001595039391
-1001265419140
-1001536135151
-1001907601050
-1001592206355
-1001265419140
-1001691248486
-1001689785229
-1001634323433
-1001175482027
-1001747394839
-1001634323433
-1001634323433
-1001735836642
-1001237954466
-1001711180741
-1001522147857
-1001522147857
-1001522147857
-1001270590912
-1001921263748
-1001390560090
-1001129355412
-1001627561791
-1001731935440
-1001297169818
-1001762377888
-1001772683918
-1001656898110
-1001286547241
-1001511523114
-1001173675927
-1001194603914
-1001667185391
-1001782947570
-1001124124776
-1001449725420
-1001641225101
-1001782947570
-1001124124776
-1001507408328
-1001449725420
-1001108946759
-1001634923210
-1001287906490
-1001569782331
-1001650543592
-1001113454284
-1001418904052
-1001855628299
-1001683130089
-1001866443149
-1001199235949
-1001689061048
-1001450995629
-1001661622989
-1001569782331
-1001222017246
-1001325521241
-1001868380036
-1001920014196
-1001581832768
-1001646527840
-1001621255485
-1001683130089
-1001786894883
-1001537858073
-1001537858073
-1001615107875
-1001391360814
-1001157342841
-1001795556328
-1001272563157
-1001485495964
-1001157342841
-1001132611527
-1001544067081
-1001503030422
-1001779896534
-1001795556328
-1001503030422
-1001527869065
-1001531757344
-1001208847337
-1001615169238
-1001584472189
-1001527869065
-1001474492006
-1001501303550
-1001503030422
-1001247348723
-1001189022093
-1001189022093
-1001758318226
-1001758318226
-1001797893326
-1001639885880
-1001375641493
-1001797893326
-1001456166310
-1001456166310
-1001797893326
-1001426593812
-1001797893326
-1001743024122
-1001504299809
-1001247348723
-1001189022093
-1001504299809
-1001639885880
-1001456166310
-1001592971140
-1001503030422
-1001405417629
-1001417620632
-1001196577914
-1001691836418
-1001868853569
-1001504299809
-1001405417629
-1001196577914
-1001691836418
-1001868853569
-1001550621964
-1001504299809
-1001216196648
-1001891407131
-1001543642696
-1001417620632
-1001405417629
-1001187797413
-1001196577914
-1001691836418
-1001868853569
-1001550621964
-1001764009026
-1001216196648
-1001891407131
-1001187797413
-1001250105022
-1001491189039
-1001543642696
-1001491189039
-1001378944561
-1001958159238
-1001491189039
-1001776625995
-1001491189039
-1001378944561
-1001958159238
-1001316967616
-1001534226835
-1001897975368
-1001941978834
-1001878487913
-1001677579620
-1001202451490
-1001378944561
-1001958159238
-1001250728204
-1001958159238
-1001378944561
-1001958159238
-1001202451490
-1001958159238
-1001250728204
-1001776625995
-1001365523245
-1001250728204
-1001567516982
-1001739181195
-1001684181617
-1001950714663
-1001948217338
-1001250728204
-1001265420685
-1001639158245
-1001860199791
-1001305184607
-1001948217338
-1001450703072
-1001897975368
-1001616060872
-1001941978834
-1001639158245
-1001860199791
-1001256527322
-1001878487913
-1001730370406
-1001677579620
-1001835642678
-1001202451490
-1001678448312
-1001261262945
-1001684181617
-1001948217338
-1001639158245
-1001860199791
-1001562220220
-1001888878619
-1001735984574
-1001856990537
-1001481478722
-1001197243470
-1001562220220
-1001543118605
-1001892305081
-1001618778224
-1001543118605
-1001892305081
-1001618778224
-1001226320406
-1001690863430
-1001618778224
-1001940791938
-1001557473997
-1001523788957
-1001542164783
-1001622293783
-1001299793876
-1001142726615
-1001107802293
-1001392021521
-1001654300232
-1001563378267
-1001280324302
-1001420179648
-1001294603184
-1001252885518
-1001252885518
-1001341921688
-1001443415263
-1001145146423
-1001441916472
-1001302606043
-1001530678945
-1001557473997
-1001523788957
-1001468917391
-1001574208141
-1001264675928
-1001058996817
-1001748677783
-1001774676309
-1001557473997
-1001523788957
-1001361808774
-1001420179648
-1001341921688
-1001425596688
-1001881533728
-1001443415263
-1001849113528
-1001721215992
-1001635628884
-1001683575033
-1001409240444
-1001409240444
-1001807580989
-1001443415263
-1001390002422
-1001313139767
-1001625989377
-1001302606043
-1001774676309
-1001443415263
-1001712157226
-1001313139767
-1001625989377
-1001311032958
-1001539244353
-1001468917391
-1001058996817
-1001619892421
-1001881533728
-1001138649267
-1001700506817
-1001881533728
-1001409240444
-1001478867479
-1001390002422
-1001485487030
-1001290642439
-1001790371659
-1001390002422
-1001485487030
-1001665466709
-1001560387946
-1001841568669
-1001544312772
-1001390002422
-1001485487030
-1001608844246
-1001516349566
-1001549607940
-1001267256220
-1001878538316
-1001947035983
-1001571122808
-1001947035983
-1001571122808
-1001246947758
-1001090331251
-1001697590959
-1001883253891
-1001331077260
-1001122361556
-1001509463908
-1001778915447
-1001125847094
-1001751507771
-1001751507771
-1001939477564
-1001791297965
-1001751507771
-1001334372397
-1001377184615
-1001735674822
-1001949588946
-1001629814086
-1001636628895
-1001147914390
-1001640775264
-1001564506622
-1001608313430
-1001627648168
-1001608313430
-1001457004604
-1001340794803
-1001524035855
-1001645674009
-1001351578881
-1001565432128
-1001343021967
-1001191337185
-1001485564099
-1001441183149
-1001604015788
-1001744247078
-1001452232810
-1001191337185
-1001274465963
-1001403633558
-1001081480019
-1001664725220
-1001668484431
-1001174154156
-1001406484642
-1001207850130
-1001602830434
-1001212071420
-1001624408393
-1001365245861
-1001873624480
-1001979967565
-1001358272916
-1001207850130
-1001678896282
-1001873624480
-1001225939308
-1001207850130
-1001563501264
-1001602830434
-1001406976740
-1001290131466
-1001152292698
-1001722442133
-1001824517331
-1001557924512
-1001097570700
-1001549921916
-1001245018888
-1001160624031
-1001640841019
-1001588790675
-1001892077992
-1001157988767
-1001861170367
-1001678167429
-1001952439886
-1001983523649
-1001384503889
-1001235241410
-1001464156334
-1001520127303
-1001278865840
-1001613320742
-1001778173927
-1001563273273
-1001649978029
-1001335995851
-1001531276336
-1001655095593
-1001727145923
-1001778173927
-1001335995851
-1001601707451
-1001278865840
-1001613320742
-1001109895958
-1001601707451
-1001563273273
-1001510325650
-1001601707451
-1001401348909
-1001549921916
-1001698683755
-1001743964917
-1001109895958
-1001739984279
-1001270143654
-1001124794813
-1001121676762
-1001887362230
-1001614869895
-1001424722638
-1001536341694
-1001716026513
-1001335995851
-1001139390006
-1001025953977
-1001164396748
-1001174558339
-1001698683755
-1001549921916
-1001736005109
-1001157814156
-1001328573119
-1001689564838
-1001351735536
-1001757445183
-1001743964917
-1001444298210
-1001698683755
-1001736005109
-1001444298210
-1001743964917
-1001444298210
-1001386104639
-1001445868928
-1001162140694
-1001431175842
-1001247916966
-1001547680097
-1001897823812
-1001778173927
-1001778173927
-1001121676762
-1001278865840
-1001109895958
-1001278865840
-1001739984279
-1001613320742
-1001613320742
-1001158751627
-1001386104639
-1001376875094
-1001158751627
-1001720003742
-1001445868928
-1001219431314
-1001677003375
-1001657890909
-1001076744221
-1001692503068
-1001222919323
-1001307926492
-1001556033670
-1001888073231
-1001121676762
-1001614869895
-1001179154318
-1001547680097
-1001789642684
-1001888073231
-1001707012084
-1001731734903
-1001729495272
-1001358797075
-1001109895958
-1001664505571
-1001368232340
-1001772613697
-1001131990250
-1001469272117
-1001739117669
-1001897823812
-1001469272117
-1001328188276
-1001188856041
-1001076744221
-1001696682458
-1001342060355
-1001342060355
-1001729495272
-1001539201946
-1001131990250
-1001708290691
-1001404388970
-1001129989810
-1001733370625
-1001450819416
-1001425955188
-1001696575460
-1001634950653
-1001539201946
-1001245018888
-1001973555141
-1001840072195
-1001450819416
-1001425955188
-1001289366620
-1001679574027
-1001921132455
-1001967761744
-1001236812897
-1001131025281
-1001122261064
-1001624176081
-1001152173061
-1001572813215
-1001215812746
-1001964890685
-1001306488448
-1001154947760
-1001314035463
-1001292258397
-1001699453756
-1001877201105
-1001292258397
-1001102308640
-1001574804982
-1001741723027
-1001598468726
-1001896844945
-1001292258397
-1001699453756
-1001877201105
-1001818041591
-1001203615168
-1001871956468
-1001457668728
-1001194634124
-1001109321281
-1001282939441
-1001754656806
-1001818041591
-1001203615168
-1001109321281
-1001286360524
-1001355128106
-1001796612038
-1001257768446
-1001416938208
-1001210682768
-1001574908325
-1001691791939
-1001891124499
-1001437742522
-1001563413392
-1001574908325
-1001620203394
-1001846771592
-1001857484886
-1001796612038
-1001209742304
-1001080777610
-1001707153436
-1001276628372
-1001845382768
-1001416938208
-1001801137793
-1001846771592
-1001080777610
-1001801137793
-1001706260865
-1001470962363
-1001711813302
-1001625845455
-1001668982165
-1001711813302
-1001668982165
-1001879778559
-1001879778559
-1001465088781
-1001697768320
-1001469722857
-1001690861070
-1001625591874
-1001822040963
-1001707153436
-1001242975248
-1001793724725
-1001500492018
-1001268880864
-1001268880864
-1001697768320
-1001690861070
-1001784808819
-1001120212941
-1001625748388
-1001242975248
-1001652579096
-1001706260865
-1001485812991
-1001401390956
-1001708877864
-1001797485343
-1001475554966
-1001298925427
-1001212015394
-1001793724725
-1001613104346
-1001249216521
-1001249216521
-1001366362804
-1001901048710
-1001328900056
-1001321907044
-1001715208534
-1001373987375
-1001175495970
-1001667563948
-1001055723554
-1001408629461
-1001555956209
-1001636383318
-1001284024127
-1001164368529
-1001617392230
-1001667563948
-1001526061757
-1001559653213
-1001555956209
-1001901048710
-1001804220673
-1001328900056
-1001499616989
-1001192813193
-1001420183340
-1001766614749
-1001376818144
-1001101433266
-1001291721076
-1001726666401
-1001498466316
-1001502758006
-1001804220673
-1001209742304
-1001603423394
-1001501683579
-1001707153436
-1001877201105
-1001636383318
-1001766614749
-1001682798872
-1001328633094
-1001192813193
-1001108964978
-1001399561674
-1001551211589
-1001636383318
-1001914512798
-1001194261457
-1001000007034
-1001589008712
-1001369913737
-1001183140263
-1001911268110
-1001405994188
-1001499616989
-1001420183340
-1001258509091
-1001201345796
-1001704499403
-1001914512798
-1001625396876
-1001247066613
-1001466484602
-1001505902462
-1001290689179
-1001214492938
-1001179222608
-1001493396738
-1001807112080
-1001785678428
-1001657176637
-1001543988685
-1001364279552
-1001932243199
-1001088358236
-1001266571513
-1001266571513
-1001603508426
-1001000007034
-1001407112451
-1001269607767
-1001918056605
-1001689891020
-1001290689179
-1001777600785
-1001290198248
-1001586211238
-1001479487817
-1001681805984
-1001405994188
-1001426941989
-1001155726820
-1001524219165
-1001748034647
-1001655779558
-1001148598454
-1001438529701
-1001302998758
-1001708783857
-1001897947554
-1001605913098
-1001230462247
-1001476516830
-1001094971305
-1001967979648
-1001553714547
-1001253974160
-1001386382764
-1001890471370
-1001080591998
-1001956345846
-1001473720888
-1001417319519
-1001074821617
-1001362117963
-1001541429942
-1001489014352
-1001975489615
-1001155726820
-1001489014352
-1001707777913
-1001638031280
-1001720189755
-1001516310138
-1001966652596
-1001346943818
-1001515956400
-1001551494355
-1001689891020
-1001623505617
-1001763520827
-1001338815580
-1001327804254
-1001269960259
-1001745998156
-1001971159196
-1001146983495
-1001863625564
-1001741447096
-1001728130404
-1001473720888
-1001719963242
-1001971649845
-1001707777913
-1001338815580
-1001278519036
-1001172146269
-1001370325074
-1001627398648
-1001145086069
-1001561216047
-1001634629552
-1001355904726
-1001518177583
-1001690655979
-1001419664898
-1001184816126
-1001772180449
-1001209588493
-1001437185852
-1001325601861
-1001489879487
-1001889328936
-1001787081019
-1001370835231
-1001701048161
